
Average inference time: 0.031247119194107165s 
Intent : 
	 f1 : 0.9727923152847071 
	 accuracy : 0.9728183118741058 
	 precision : 0.9736238212887545 
	 recall : 0.972857142857143 
Slots : 
	 f1 : 0.13038945642338598 
	 accuracy : 0.8944921316165951 
	 precision : 0.13854210698401678 
	 recall : 0.1284466680593248 
